99892
24984
29706
2358
90864
7522
21748
79712
20589
492
3628
21556
8558
5998
31494
38605
19365
123696
54974
66852
8486
84985
43275
52101
106454
26087
30333
85491
27631
60244
67390
42245
104326
4352
3524
3114
73067
88355
77963
27976
40161
27353
26338
135428
100310
56340
109306
120615
6868
19763
44956
48369
15431
78635
67300
20251
29507
95575
25384
28722
49246
62716
4582
128106
125511
72329
33364
113771
102295
47102
120258
97058
84363
7334
68176
17125
94381
25345
131087
107107
74682
103867
117026
37756
111302
30577
42711
21662
8160
6807
103479
115625
94663
98109
69335
95583
45476
78385
114882
17979
130237
16683
70588
134032
10415
118346
105387
25709
135249
42644
113127
125503
105244
33198
86055
81032
104702
35172
29209
81781
121581
104991
43455
36808
75426
131072
105516
83594
131687
80427
38226
45226
71673
127375
59268
23617
97997
68207
51104
32106
66945
93222
36517
86137
52501
63206
74800
84779
95902
64052
24388
129616
47567
135690
101861
123505
52717
64169
52159
96877
91159
33823
71383
33179
98689
111849
90949
8358
61278
27564
71898
111942
31437
93087
113995
127592
92330
109760
89918
55936
43664
69935
55562
94988
21511
125483
36155
137604
87072
103008
40189
113512
44861
111449
114577
132239
102163
113851
24055
80750
40453
53690
33798
123522
63439
41710
41866
2714
64511
32792
104270
53142
27626
101924
68156
24752
54687
21517
46215
71947
47568
118340
96752
101525
3936
42041
82349
48920
21907
38947
59310
72684
130485
83820
126839
135731
62386
54245
89111
65859
55495
30817
100661
65603
94420
105563
93156
97864
25337
75242
63265
93870
89710
91273
104876
86492
100884
78884
23185
114504
126203
23268
131582
44303
49067
67353
46774
35011
118031
102976
74046
5408
71138
66896
126066
84593
132154
67305
54210
114470
118750
75469
65725
67168
95165
97943
112894
71724
111315
25028
65020
24255
110047
111667
131707
28370
13395
55670
31339
1231
129474
35826
24229
125008
100740
40301
111371
87451
95351
74613
26511
61963
22335
38076
67942
57573
98121
119396
76648
117731
22013
595
29038
8861
3770
10189
6568
147
1561
22343
9891
52315
40163
26250
32726
1866
25448
5706
28417
27378
24457
31945
109
14745
41783
28140
103247
25394
37446
171
50104
35666
43753
4188
6895
10723
27455
79831
40270
37236
101548
49369
14059
38414
11209
97443
34863
328
8985
14229
38394
6898
87331
5754
60394
54580
25027
4410
121
99293
709
40061
38388
46956
34551
8283
5834
37868
2066
39177
210
35166
23177
11001
13809
43704
18655
794
41103
1291
6580
21406
102577
55504
6921
23648
46066
27749
8169
739
65140
75977
40459
91869
431
93141
27382
545
10483
18643
41030
58109
44019
33219
7682
140
40054
385
728
532
6262
35713
8602
32679
16355
40232
30939
34331
6542
25209
3422
1720
2422
10007
111387
68016
87925
79922
6552
89802
194
28393
294
75431
21483
24022
43055
28014
28239
8683
179
27875
61921
32979
7094
65437
103907
7461
7662
25145
38432
70805
81322
29301
62802
39637
9253
1373
542
23599
53018
7001
2374
2696
622
37602
687
29752
16213
49346
46698
51416
50700
1712
41171
68719
61860
85040
63922
45530
28623
41984
77962
68507
398
34901
26987
13639
15725
23291
28864
9795
14567
28121
1856
27313
22298
3024
36507
32123
17823
91954
79323
37435
33377
51232
48214
14289
25915
43115
1748
3038
21394
90603
90867
37319
49030
73829
93527
84329
34543
32867
106043
38088
38454
6696
98620
27126
29151
8723
84722
23252
26782
46289
7551
1403
13875
61053
41846
47956
7626
51290
451
29765
113868
56920
407
86752
22112
43939
38486
123763
29591
79985
39481
96428
85462
16719
36719
36162
100207
36927
596
30794
6296
52905
44982
60628
55137
107394
9251
56028
26664
22897
27333
45062
59251
73184
97176
72076
37900
24799
39787
38239
84792
45318
30360
40092
24988
19471
81075
22321
266
310
21381
22666
24489
55391
61044
387
5946
3208
4510
22569
51807
21318
55
17617
3460
26054
16869
16417
57436
41570
67448
51710
50889
5538
16809
27735
21732
81906
47865
38296
22858
8279
54952
102707
29496
17751
13787
8340
6800
30608
65646
23682
6764
67608
25439
8103
35630
255
106394
26306
7182
120941
45121
54359
23014
66541
56009
3954
54024
49439
42153
85628
27753
40510
3098
50604
7279
42726
68658
53270
29021
26194
75783
48133
3328
608
23611
23875
68154
53046
16249
7835
24523
640
4344
2262
373
28465
22139
4128
24406
29532
103700
45485
74308
26832
48640
106303
82079
53067
17507
51901
118204
16789
36031
42551
83325
95505
29366
29643
44749
5068
10271
4558
21519
4184
42934
49405
133
24455
330
43183
19727
25652
62216
412
62480
39934
92939
102406
93602
91666
84254
50702
23373
26557
35277
42833
54065
27951
29946
119977
105500
6110
61249
3780
87590
531
418
16981
65219
55446
88145
59180
31780
3786
121100
64379
4158
91589
3950
88620
14027
88289
4530
84453
100538
7658
22758
18579
106483
59119
65595
1211
28277
44091
25854
39227
94306
5024
25101
23722
33874
11521
67028
77250
18701
51534
105845
4334
83788
4512
177
46043
129801
3172
53784
131973
54209
60152
59902
82991
45073
54174
25068
24995
29914
3748
72318
7030
9793
31696
46792
2002
7090
95538
60624
26505
70718
117393
79924
16659
20669
4016
36009
76852
82347
51480
15467
5674
70583
4428
105681
8591
6112
53429
7254
44118
34683
25194
21739
78748
97781
21111
7502
86455
104971
96049
22206
21730
72427
81632
86312
93760
27962
21512
75119
36285
50417
64981
10561
65959
35653
81551
3820
52910
1860
19787
165
32836
65000
56746
97895
129451
21218
25169
736
9823
43683
67116
29019
228
3636
101010
5120
35543
98231
8532
44900
86068
19241
15077
87314
25533
14981
70765
81007
42029
24973
20553
26305
20721
53654
38480
23108
28178
92046
56519
82240
95054
51914
1141
38304
83081
19559
35883
47242
4490
56444
73532
103258
49527
59468
106115
55405
85964
5918
30533
93750
93956
72431
36149
39244
41209
62815
27681
1313
103193
87979
55644
11393
61871
116690
86673
55556
22481
1594
92113
93494
90537
60489
1457
94027
81659
43407
113198
87477
61755
23211
14501
22809
56334
30163
121222
13825
103132
68457
6044
67396
59330
3238
5680
24520
97956
103000
30634
23481
88274
70185
74918
22664
15185
94911
103074
106406
1738
877
43214
63227
26467
126467
19995
7988
78504
28485
97882
133485
76816
71209
93615
41853
43379
64647
87333
23694
7950
62951
44048
18721
40124
25360
70921
10989
69799
60170
6994
19669
286
20957
68993
31266
107784
39582
90558
51235
88002
24476
36156
73778
89679
76050
128964
10869
20495
98138
80019
714
9455
53526
60054
47049
77876
41107
43707
32142
22862
55215
77101
30820
87264
106539
2648
53079
20951
53859
32902
66380
1499
37011
28780
9051
81564
58204
7531
12241
8523
83170
99256
109625
127097
79002
75375
22246
85042
25703
53401
18757
4900
50128
28420
26399
6566
82579
71182
2850
48297
80054
6368
34600
29682
36721
6140
14893
26656
51784
7232
95605
64327
64860
19541
26580
80799
85965
59896
53309
36451
5580
99937
67522
36560
69502
104818
79935
38442
73758